 &input
    asr='simple',   amass(1)=12.0107,
    flfrc='graphene.fc', flfrq='graphene.freq', 
/
 100
0.0000000   0.0000000   0.0000000   0.0200000
0.0138889   0.0080188   0.0000000   0.0200000
0.0277778   0.0160375   0.0000000   0.0200000
0.0416667   0.0240563   0.0000000   0.0200000
0.0555556   0.0320750   0.0000000   0.0200000
0.0694444   0.0400938   0.0000000   0.0200000
0.0833333   0.0481125   0.0000000   0.0200000
0.0972222   0.0561313   0.0000000   0.0200000
0.1111111   0.0641500   0.0000000   0.0200000
0.1250000   0.0721688   0.0000000   0.0200000
0.1388889   0.0801875   0.0000000   0.0200000
0.1527778   0.0882063   0.0000000   0.0200000
0.1666667   0.0962250   0.0000000   0.0200000
0.1805556   0.1042438   0.0000000   0.0200000
0.1944444   0.1122626   0.0000000   0.0200000
0.2083333   0.1202813   0.0000000   0.0200000
0.2222222   0.1283001   0.0000000   0.0200000
0.2361111   0.1363188   0.0000000   0.0200000
0.2500000   0.1443376   0.0000000   0.0200000
0.2638889   0.1523563   0.0000000   0.0200000
0.2777778   0.1603751   0.0000000   0.0200000
0.2916667   0.1683938   0.0000000   0.0200000
0.3055556   0.1764126   0.0000000   0.0200000
0.3194444   0.1844313   0.0000000   0.0200000
0.3333333   0.1924501   0.0000000   0.0200000
0.3472222   0.2004688   0.0000000   0.0200000
0.3611111   0.2084876   0.0000000   0.0200000
0.3750000   0.2165064   0.0000000   0.0200000
0.3888889   0.2245251   0.0000000   0.0200000
0.4027778   0.2325439   0.0000000   0.0200000
0.4166667   0.2405626   0.0000000   0.0200000
0.4305556   0.2485814   0.0000000   0.0200000
0.4444444   0.2566001   0.0000000   0.0200000
0.4583333   0.2646189   0.0000000   0.0200000
0.4722222   0.2726376   0.0000000   0.0200000
0.4861111   0.2806564   0.0000000   0.0200000
0.5000000   0.2886751   0.0000000   0.0200000
0.4920633   0.3024213   0.0000000   0.0200000
0.4841267   0.3161675   0.0000000   0.0200000
0.4761900   0.3299136   0.0000000   0.0200000
0.4682533   0.3436598   0.0000000   0.0200000
0.4603167   0.3574059   0.0000000   0.0200000
0.4523800   0.3711521   0.0000000   0.0200000
0.4444433   0.3848983   0.0000000   0.0200000
0.4365067   0.3986444   0.0000000   0.0200000
0.4285700   0.4123906   0.0000000   0.0200000
0.4206333   0.4261367   0.0000000   0.0200000
0.4126967   0.4398829   0.0000000   0.0200000
0.4047600   0.4536291   0.0000000   0.0200000
0.3968233   0.4673752   0.0000000   0.0200000
0.3888867   0.4811214   0.0000000   0.0200000
0.3809500   0.4948675   0.0000000   0.0200000
0.3730133   0.5086137   0.0000000   0.0200000
0.3650767   0.5223599   0.0000000   0.0200000
0.3571400   0.5361060   0.0000000   0.0200000
0.3492033   0.5498522   0.0000000   0.0200000
0.3412667   0.5635983   0.0000000   0.0200000
0.3333300   0.5773445   0.0000000   0.0200000
0.3253936   0.5635982   0.0000000   0.0200000
0.3174571   0.5498519   0.0000000   0.0200000
0.3095207   0.5361056   0.0000000   0.0200000
0.3015843   0.5223593   0.0000000   0.0200000
0.2936479   0.5086130   0.0000000   0.0200000
0.2857114   0.4948667   0.0000000   0.0200000
0.2777750   0.4811204   0.0000000   0.0200000
0.2698386   0.4673741   0.0000000   0.0200000
0.2619021   0.4536278   0.0000000   0.0200000
0.2539657   0.4398815   0.0000000   0.0200000
0.2460293   0.4261352   0.0000000   0.0200000
0.2380929   0.4123889   0.0000000   0.0200000
0.2301564   0.3986426   0.0000000   0.0200000
0.2222200   0.3848963   0.0000000   0.0200000
0.2142836   0.3711500   0.0000000   0.0200000
0.2063471   0.3574037   0.0000000   0.0200000
0.1984107   0.3436574   0.0000000   0.0200000
0.1904743   0.3299111   0.0000000   0.0200000
0.1825379   0.3161648   0.0000000   0.0200000
0.1746014   0.3024185   0.0000000   0.0200000
0.1666650   0.2886722   0.0000000   0.0200000
0.1587286   0.2749260   0.0000000   0.0200000
0.1507921   0.2611797   0.0000000   0.0200000
0.1428557   0.2474334   0.0000000   0.0200000
0.1349193   0.2336871   0.0000000   0.0200000
0.1269829   0.2199408   0.0000000   0.0200000
0.1190464   0.2061945   0.0000000   0.0200000
0.1111100   0.1924482   0.0000000   0.0200000
0.1031736   0.1787019   0.0000000   0.0200000
0.0952371   0.1649556   0.0000000   0.0200000
0.0873007   0.1512093   0.0000000   0.0200000
0.0793643   0.1374630   0.0000000   0.0200000
0.0714279   0.1237167   0.0000000   0.0200000
0.0634914   0.1099704   0.0000000   0.0200000
0.0555550   0.0962241   0.0000000   0.0200000
0.0476186   0.0824778   0.0000000   0.0200000
0.0396821   0.0687315   0.0000000   0.0200000
0.0317457   0.0549852   0.0000000   0.0200000
0.0238093   0.0412389   0.0000000   0.0200000
0.0158729   0.0274926   0.0000000   0.0200000
0.0079364   0.0137463   0.0000000   0.0200000
0.0000000   0.0000000   0.0000000   0.0200000
